87,35,77,43,77,84,66,39,40,26,34,77,74,50,45,72,65,72,31,64,41,8,
41,42,74,63,17,24,69,68,96,95,
20,15,49,48,12,78,69,20,50,95,66,30,69,
41,52,69,24,23,25,7,84,70,32,14,
93,22,55,36,87,95,16,73,26,14,14,59,14,31,34,47,39,
91,31,30,95,3,32,55,93,
98,72,17,37,94,64,16,85,47,67,84,63,1,31,78,51,32,11,18,
7,2,9,3,1,10,8,
25,40,8,11,84,85,66,75,52,73,4,33,21,55,20,0,72,72,2,34,3,
82,66,95,62,65,3,35,10,92,6,2,93,81,84,42,85,91,70,86,0,55,16,71,77,
11,45,67,37,34,46,95,41,37,87,75,85,86,57,98,67,60,89,25,74,16,75,
41,35,94,62,26,51,31,76,10,81,44,89,97,62,95,80,46,92,39,50,90,20,
19,75,35,50,24,2,37,