16 16
0 101 0 0 0 0 101 0 0 101 0 0 0 0 101 0 
0 0 0 0 201 0 0 201 0 101 0 0 0 0 101 0
100 0 0 302 0 0 302 0 0 101 0 0 0 0 101 0
0 101 0 0 0 0 101 0 0 101 0 0 0 0 101 0
0 0 0 0 201 0 0 201 0 101 0 0 0 0 101 0
100 0 0 302 0 0 302 0 0 101 0 0 0 0 101 0
0 101 0 0 0 0 101 0 0 101 0 0 0 0 101 0
0 0 0 0 201 0 0 20 0 101 0 0 0 0 101 0
0 0 0 0 201 0 0 201 0 101 0 0 0 0 101 0
100 0 0 302 0 0 302 0 0 101 0 0 0 0 101 0
0 101 0 0 0 0 101 0 0 101 0 0 0 0 101 0
0 0 0 0 201 0 0 201 0 101 0 0 0 0 101 0
100 0 0 302 0 0 302 0 0 101 0 0 0 0 101 0
0 101 0 0 0 0 101 0 0 101 0 0 0 0 101 0
0 0 0 0 201 0 0 20 0 101 0 0 0 0 101 0
0 101 0 0 0 0 101 0 0 101 0 0 0 0 101 0