7493462271301411
3531537861803160
9665125097502887
4894744587491403
6428568614309484
9541166348743059
1796800588556327
1025761375361042
8498365249092871
1745429281188603
7333622120422768
8752456190365359
3354246110296017
2773474470956320
3517257622428080
6424957116902355
9752839925124207
9147259163354605
2201197692468406
2593768923151607
3505362071853645
5296432173806292
5467448774817221
3141856494709749
2715485560759185
2505534152619532
2580115965865269
3167255822761021
8891761856521475
5929533534538111
2688519064453191
2359466736471376
2814307834377265
3472479117282961
3662394637304871
8371441299143630
7678586124404623
1079916999757915
7248614627492228
4263937496688671
6578195939581891
2674770151981205
5982755457222583
4859957779853487
7984750185839172
2831700655719996
2075117711316697
9149203849484305
7144621493828544
1259590332034722